

	Distribution Summary



Distribution:	Beta         

Expression:	-0.5 + 76 * BETA(0.273, 1.79)

Square Error:	0.046002



Chi Square Test

  Number of intervals	= 6

  Degrees of freedom 	= 3

  Test Statistic     	= 7.35

  Corresponding p-value	= 0.0649



	Data Summary



Number of Data Points	= 48

Min Data Value       	= 0

Max Data Value       	= 75

Sample Mean          	= 9.58

Sample Std Dev       	= 14.7



	Histogram Summary



Histogram Range    	= -0.5 to 75.5

Number of Intervals	= 76





==================================================================

Int.   No. of               Probability           Cumulative      

No.    Data Pts.   x        Density               Distribution    

------------------------------------------------------------------

                            Data   Function       Data   Function   

   0    21      0.000      0.438      0.309      0.438      0.309
   1     0       1.00      0.000     0.0785      0.438      0.387
   2     2       2.00     0.0417     0.0527      0.479      0.440
   3     1       3.00     0.0208     0.0406      0.500      0.480
   4     0       4.00      0.000     0.0334      0.500      0.514
   5     7       5.00      0.146     0.0286      0.646      0.542
   6     0       6.00      0.000     0.0250      0.646      0.567
   7     1       7.00     0.0208     0.0223      0.667      0.590
   8     0       8.00      0.000     0.0201      0.667      0.610
   9     0       9.00      0.000     0.0183      0.667      0.628
  10     1       10.0     0.0208     0.0168      0.688      0.645
  11     0       11.0      0.000     0.0156      0.688      0.661
  12     1       12.0     0.0208     0.0145      0.708      0.675
  13     0       13.0      0.000     0.0135      0.708      0.688
  14     0       14.0      0.000     0.0127      0.708      0.701
  15     1       15.0     0.0208     0.0119      0.729      0.713
  16     1       16.0     0.0208     0.0112      0.750      0.724
  17     1       17.0     0.0208     0.0106      0.771      0.735
  18     0       18.0      0.000     0.0101      0.771      0.745
  19     0       19.0      0.000    0.00955      0.771      0.754
  20     1       20.0     0.0208    0.00908      0.792      0.764
  21     1       21.0     0.0208    0.00864      0.813      0.772
  22     1       22.0     0.0208    0.00824      0.833      0.780
  23     1       23.0     0.0208    0.00787      0.854      0.788
  24     0       24.0      0.000    0.00752      0.854      0.796
  25     3       25.0     0.0625    0.00719      0.917      0.803
  26     0       26.0      0.000    0.00689      0.917      0.810
  27     1       27.0     0.0208    0.00660      0.938      0.817
  28     1       28.0     0.0208    0.00632      0.958      0.823
  29     0       29.0      0.000    0.00606      0.958      0.829
  30     0       30.0      0.000    0.00582      0.958      0.835
  31     0       31.0      0.000    0.00558      0.958      0.840
  32     0       32.0      0.000    0.00536      0.958      0.846
  33     0       33.0      0.000    0.00515      0.958      0.851
  34     0       34.0      0.000    0.00495      0.958      0.856
  35     0       35.0      0.000    0.00475      0.958      0.861
  36     0       36.0      0.000    0.00457      0.958      0.865
  37     0       37.0      0.000    0.00439      0.958      0.869
  38     0       38.0      0.000    0.00422      0.958      0.874
  39     0       39.0      0.000    0.00405      0.958      0.878
  40     0       40.0      0.000    0.00390      0.958      0.882
  41     0       41.0      0.000    0.00374      0.958      0.885
  42     0       42.0      0.000    0.00359      0.958      0.889
  43     0       43.0      0.000    0.00345      0.958      0.892
  44     0       44.0      0.000    0.00331      0.958      0.896
  45     0       45.0      0.000    0.00318      0.958      0.899
  46     0       46.0      0.000    0.00305      0.958      0.902
  47     0       47.0      0.000    0.00292      0.958      0.905
  48     0       48.0      0.000    0.00280      0.958      0.908
  49     0       49.0      0.000    0.00268      0.958      0.910
  50     1       50.0     0.0208    0.00256      0.979      0.913
  51     0       51.0      0.000    0.00244      0.979      0.915
  52     0       52.0      0.000    0.00233      0.979      0.918
  53     0       53.0      0.000    0.00222      0.979      0.920
  54     0       54.0      0.000    0.00212      0.979      0.922
  55     0       55.0      0.000    0.00201      0.979      0.924
  56     0       56.0      0.000    0.00191      0.979      0.926
  57     0       57.0      0.000    0.00181      0.979      0.928
  58     0       58.0      0.000    0.00171      0.979      0.929
  59     0       59.0      0.000    0.00161      0.979      0.931
  60     0       60.0      0.000    0.00152      0.979      0.933
  61     0       61.0      0.000    0.00142      0.979      0.934
  62     0       62.0      0.000    0.00133      0.979      0.935
  63     0       63.0      0.000    0.00124      0.979      0.937
  64     0       64.0      0.000    0.00115      0.979      0.938
  65     0       65.0      0.000    0.00106      0.979      0.939
  66     0       66.0      0.000   0.000965      0.979      0.940
  67     0       67.0      0.000   0.000874      0.979      0.941
  68     0       68.0      0.000   0.000784      0.979      0.941
  69     0       69.0      0.000   0.000693      0.979      0.942
  70     0       70.0      0.000   0.000602      0.979      0.943
  71     0       71.0      0.000   0.000509      0.979      0.943
  72     0       72.0      0.000   0.000413      0.979      0.944
  73     0       73.0      0.000   0.000314      0.979      0.944
  74     0       74.0      0.000   0.000208      0.979      0.944
  75     1       75.0     0.0208  8.42e-005       1.00      0.944


=================================================================


Data File: C:\Users\v\Documents\Delta times\releaseinterarrivaltimes_desk95.txt





Function       Sq Error

-----------------------

Beta           0.046
Weibull        0.0732
Lognormal      0.08
Gamma          0.0882
Exponential    0.155
Erlang         0.155
Normal         0.198
Triangular     0.202
Uniform        0.212
Poisson        0.287


	Distribution Summary



Distribution:	Lognormal    

Expression:	-0.5 + LOGN(13.1, 55.3)

Square Error:	0.080044



Chi Square Test

  Number of intervals	= 6

  Degrees of freedom 	= 3

  Test Statistic     	= 30.7

  Corresponding p-value	< 0.005



	Data Summary



Number of Data Points	= 48

Min Data Value       	= 0

Max Data Value       	= 75

Sample Mean          	= 9.58

Sample Std Dev       	= 14.7



	Histogram Summary



Histogram Range    	= -0.5 to 75.5

Number of Intervals	= 76





==================================================================

Int.   No. of               Probability           Cumulative      

No.    Data Pts.   x        Density               Distribution    

------------------------------------------------------------------

                            Data   Function       Data   Function   

   0    21      0.000      0.438      0.261      0.438      0.261
   1     0       1.00      0.000      0.146      0.438      0.406
   2     2       2.00     0.0417     0.0934      0.479      0.500
   3     1       3.00     0.0208     0.0666      0.500      0.566
   4     0       4.00      0.000     0.0505      0.500      0.617
   5     7       5.00      0.146     0.0399      0.646      0.657
   6     0       6.00      0.000     0.0324      0.646      0.689
   7     1       7.00     0.0208     0.0269      0.667      0.716
   8     0       8.00      0.000     0.0228      0.667      0.739
   9     0       9.00      0.000     0.0196      0.667      0.758
  10     1       10.0     0.0208     0.0170      0.688      0.775
  11     0       11.0      0.000     0.0149      0.688      0.790
  12     1       12.0     0.0208     0.0132      0.708      0.803
  13     0       13.0      0.000     0.0117      0.708      0.815
  14     0       14.0      0.000     0.0105      0.708      0.826
  15     1       15.0     0.0208    0.00950      0.729      0.835
  16     1       16.0     0.0208    0.00861      0.750      0.844
  17     1       17.0     0.0208    0.00784      0.771      0.852
  18     0       18.0      0.000    0.00717      0.771      0.859
  19     0       19.0      0.000    0.00658      0.771      0.865
  20     1       20.0     0.0208    0.00606      0.792      0.871
  21     1       21.0     0.0208    0.00560      0.813      0.877
  22     1       22.0     0.0208    0.00519      0.833      0.882
  23     1       23.0     0.0208    0.00482      0.854      0.887
  24     0       24.0      0.000    0.00449      0.854      0.891
  25     3       25.0     0.0625    0.00419      0.917      0.896
  26     0       26.0      0.000    0.00392      0.917      0.900
  27     1       27.0     0.0208    0.00367      0.938      0.903
  28     1       28.0     0.0208    0.00345      0.958      0.907
  29     0       29.0      0.000    0.00325      0.958      0.910
  30     0       30.0      0.000    0.00306      0.958      0.913
  31     0       31.0      0.000    0.00289      0.958      0.916
  32     0       32.0      0.000    0.00273      0.958      0.919
  33     0       33.0      0.000    0.00258      0.958      0.921
  34     0       34.0      0.000    0.00245      0.958      0.924
  35     0       35.0      0.000    0.00232      0.958      0.926
  36     0       36.0      0.000    0.00221      0.958      0.928
  37     0       37.0      0.000    0.00210      0.958      0.930
  38     0       38.0      0.000    0.00200      0.958      0.932
  39     0       39.0      0.000    0.00190      0.958      0.934
  40     0       40.0      0.000    0.00182      0.958      0.936
  41     0       41.0      0.000    0.00173      0.958      0.938
  42     0       42.0      0.000    0.00166      0.958      0.939
  43     0       43.0      0.000    0.00159      0.958      0.941
  44     0       44.0      0.000    0.00152      0.958      0.942
  45     0       45.0      0.000    0.00146      0.958      0.944
  46     0       46.0      0.000    0.00140      0.958      0.945
  47     0       47.0      0.000    0.00134      0.958      0.947
  48     0       48.0      0.000    0.00129      0.958      0.948
  49     0       49.0      0.000    0.00124      0.958      0.949
  50     1       50.0     0.0208    0.00119      0.979      0.950
  51     0       51.0      0.000    0.00114      0.979      0.952
  52     0       52.0      0.000    0.00110      0.979      0.953
  53     0       53.0      0.000    0.00106      0.979      0.954
  54     0       54.0      0.000    0.00102      0.979      0.955
  55     0       55.0      0.000   0.000986      0.979      0.956
  56     0       56.0      0.000   0.000952      0.979      0.957
  57     0       57.0      0.000   0.000919      0.979      0.958
  58     0       58.0      0.000   0.000888      0.979      0.958
  59     0       59.0      0.000   0.000858      0.979      0.959
  60     0       60.0      0.000   0.000830      0.979      0.960
  61     0       61.0      0.000   0.000803      0.979      0.961
  62     0       62.0      0.000   0.000777      0.979      0.962
  63     0       63.0      0.000   0.000752      0.979      0.962
  64     0       64.0      0.000   0.000728      0.979      0.963
  65     0       65.0      0.000   0.000706      0.979      0.964
  66     0       66.0      0.000   0.000684      0.979      0.965
  67     0       67.0      0.000   0.000664      0.979      0.965
  68     0       68.0      0.000   0.000644      0.979      0.966
  69     0       69.0      0.000   0.000625      0.979      0.967
  70     0       70.0      0.000   0.000607      0.979      0.967
  71     0       71.0      0.000   0.000589      0.979      0.968
  72     0       72.0      0.000   0.000572      0.979      0.968
  73     0       73.0      0.000   0.000556      0.979      0.969
  74     0       74.0      0.000   0.000541      0.979      0.969
  75     1       75.0     0.0208   0.000526       1.00      0.970
