01.00
20.00
00.00
00.00
00.00
00.00
00.00
09.00
01.00
04.00
01.00
00.00
05.00
00.00
09.00
01.00
30.00
00.00
00.00
05.00
25.00
11.00
01.00
07.00
01.00
05.00
05.00
25.00
05.00
13.00
02.00
00.00
08.00
08.00
29.00
05.00
13.00
02.00
16.00
05.00
08.00
11.00
05.00
10.00
25.00
00.00
05.00
00.00
13.00
06.00
22.00
14.00
05.00
20.00
21.00
03.00
01.00
00.00
20.00
05.00
00.00
05.00
15.00
01.00
09.00
04.00
19.00
14.00
11.00
00.00
09.00
02.00
