

=================================================================


Data File: C:\Users\v\Documents\Delta times\releaseinterarrivaltimes_desk92.txt


Function       Sq Error
-----------------------
Weibull        0.0692
Gamma          0.0695
Beta           0.0705
Erlang         0.0728
Exponential    0.0728
Lognormal      0.0798
Normal         0.101
Triangular     0.114
Uniform        0.118
Poisson        0.139

	Distribution Summary

Distribution:	Exponential  
Expression:	-0.5 + EXPO(9.97)
Square Error:	0.072750

Chi Square Test
  Number of intervals	= 7
  Degrees of freedom 	= 5
  Test Statistic     	= 18
  Corresponding p-value	< 0.005

	Data Summary

Number of Data Points	= 45
Min Data Value       	= 0
Max Data Value       	= 73
Sample Mean          	= 9.47
Sample Std Dev       	= 13.9

	Histogram Summary

Histogram Range    	= -0.5 to 73.5
Number of Intervals	= 74


==================================================================
Int.   No. of               Probability           Cumulative      
No.    Data Pts.   x        Density               Distribution    
------------------------------------------------------------------
                            Data   Function       Data   Function   
   0     8      0.000      0.178     0.0955      0.178     0.0955
   1     3       1.00     0.0667     0.0864      0.244      0.182
   2     2       2.00     0.0444     0.0781      0.289      0.260
   3     0       3.00      0.000     0.0707      0.289      0.331
   4     1       4.00     0.0222     0.0639      0.311      0.394
   5    12       5.00      0.267     0.0578      0.578      0.452
   6     2       6.00     0.0444     0.0523      0.622      0.505
   7     1       7.00     0.0222     0.0473      0.644      0.552
   8     2       8.00     0.0444     0.0428      0.689      0.595
   9     0       9.00      0.000     0.0387      0.689      0.633
  10     5       10.0      0.111     0.0350      0.800      0.668
  11     1       11.0     0.0222     0.0317      0.822      0.700
  12     0       12.0      0.000     0.0286      0.822      0.729
  13     0       13.0      0.000     0.0259      0.822      0.755
  14     0       14.0      0.000     0.0234      0.822      0.778
  15     2       15.0     0.0444     0.0212      0.867      0.799
  16     0       16.0      0.000     0.0192      0.867      0.818
  17     0       17.0      0.000     0.0173      0.867      0.836
  18     0       18.0      0.000     0.0157      0.867      0.851
  19     0       19.0      0.000     0.0142      0.867      0.866
  20     1       20.0     0.0222     0.0128      0.889      0.878
  21     1       21.0     0.0222     0.0116      0.911      0.890
  22     0       22.0      0.000     0.0105      0.911      0.901
  23     0       23.0      0.000    0.00950      0.911      0.910
  24     0       24.0      0.000    0.00859      0.911      0.919
  25     1       25.0     0.0222    0.00777      0.933      0.926
  26     0       26.0      0.000    0.00703      0.933      0.933
  27     0       27.0      0.000    0.00636      0.933      0.940
  28     0       28.0      0.000    0.00575      0.933      0.946
  29     0       29.0      0.000    0.00520      0.933      0.951
  30     0       30.0      0.000    0.00471      0.933      0.955
  31     0       31.0      0.000    0.00426      0.933      0.960
  32     0       32.0      0.000    0.00385      0.933      0.964
  33     0       33.0      0.000    0.00348      0.933      0.967
  34     0       34.0      0.000    0.00315      0.933      0.970
  35     0       35.0      0.000    0.00285      0.933      0.973
  36     0       36.0      0.000    0.00258      0.933      0.976
  37     0       37.0      0.000    0.00233      0.933      0.978
  38     0       38.0      0.000    0.00211      0.933      0.980
  39     0       39.0      0.000    0.00191      0.933      0.982
  40     0       40.0      0.000    0.00173      0.933      0.984
  41     1       41.0     0.0222    0.00156      0.956      0.985
  42     0       42.0      0.000    0.00141      0.956      0.987
  43     0       43.0      0.000    0.00128      0.956      0.988
  44     0       44.0      0.000    0.00115      0.956      0.989
  45     0       45.0      0.000    0.00104      0.956      0.990
  46     0       46.0      0.000   0.000945      0.956      0.991
  47     0       47.0      0.000   0.000855      0.956      0.992
  48     0       48.0      0.000   0.000773      0.956      0.993
  49     1       49.0     0.0222   0.000699      0.978      0.993
  50     0       50.0      0.000   0.000633      0.978      0.994
  51     0       51.0      0.000   0.000572      0.978      0.995
  52     0       52.0      0.000   0.000518      0.978      0.995
  53     0       53.0      0.000   0.000468      0.978      0.996
  54     0       54.0      0.000   0.000423      0.978      0.996
  55     0       55.0      0.000   0.000383      0.978      0.996
  56     0       56.0      0.000   0.000346      0.978      0.997
  57     0       57.0      0.000   0.000313      0.978      0.997
  58     0       58.0      0.000   0.000283      0.978      0.997
  59     0       59.0      0.000   0.000256      0.978      0.998
  60     0       60.0      0.000   0.000232      0.978      0.998
  61     0       61.0      0.000   0.000210      0.978      0.998
  62     0       62.0      0.000   0.000190      0.978      0.998
  63     0       63.0      0.000   0.000172      0.978      0.998
  64     0       64.0      0.000   0.000155      0.978      0.999
  65     0       65.0      0.000   0.000140      0.978      0.999
  66     0       66.0      0.000   0.000127      0.978      0.999
  67     0       67.0      0.000   0.000115      0.978      0.999
  68     0       68.0      0.000   0.000104      0.978      0.999
  69     0       69.0      0.000  9.40e-005      0.978      0.999
  70     0       70.0      0.000  8.50e-005      0.978      0.999
  71     0       71.0      0.000  7.69e-005      0.978      0.999
  72     0       72.0      0.000  6.96e-005      0.978      0.999
  73     1       73.0     0.0222  6.29e-005       1.00      0.999

	Distribution Summary

Distribution:	Triangular   
Expression:	TRIA(-0.5, 5, 73.5)
Square Error:	0.113603

Chi Square Test
  Number of intervals	= 8
  Degrees of freedom 	= 6
  Test Statistic     	= 127
  Corresponding p-value	< 0.005

	Data Summary

Number of Data Points	= 45
Min Data Value       	= 0
Max Data Value       	= 73
Sample Mean          	= 9.47
Sample Std Dev       	= 13.9

	Histogram Summary

Histogram Range    	= -0.5 to 73.5
Number of Intervals	= 74


==================================================================
Int.   No. of               Probability           Cumulative      
No.    Data Pts.   x        Density               Distribution    
------------------------------------------------------------------
                            Data   Function       Data   Function   
   0     8      0.000      0.178    0.00246      0.178    0.00246
   1     3       1.00     0.0667    0.00737      0.244    0.00983
   2     2       2.00     0.0444     0.0123      0.289     0.0221
   3     0       3.00      0.000     0.0172      0.289     0.0393
   4     1       4.00     0.0222     0.0221      0.311     0.0614
   5    12       5.00      0.267     0.0264      0.578     0.0878
   6     2       6.00     0.0444     0.0266      0.622      0.114
   7     1       7.00     0.0222     0.0262      0.644      0.141
   8     2       8.00     0.0444     0.0258      0.689      0.167
   9     0       9.00      0.000     0.0254      0.689      0.192
  10     5       10.0      0.111     0.0251      0.800      0.217
  11     1       11.0     0.0222     0.0247      0.822      0.242
  12     0       12.0      0.000     0.0243      0.822      0.266
  13     0       13.0      0.000     0.0239      0.822      0.290
  14     0       14.0      0.000     0.0235      0.822      0.313
  15     2       15.0     0.0444     0.0231      0.867      0.336
  16     0       16.0      0.000     0.0227      0.867      0.359
  17     0       17.0      0.000     0.0223      0.867      0.381
  18     0       18.0      0.000     0.0219      0.867      0.403
  19     0       19.0      0.000     0.0215      0.867      0.425
  20     1       20.0     0.0222     0.0211      0.889      0.446
  21     1       21.0     0.0222     0.0207      0.911      0.467
  22     0       22.0      0.000     0.0203      0.911      0.487
  23     0       23.0      0.000     0.0199      0.911      0.507
  24     0       24.0      0.000     0.0195      0.911      0.526
  25     1       25.0     0.0222     0.0191      0.933      0.545
  26     0       26.0      0.000     0.0187      0.933      0.564
  27     0       27.0      0.000     0.0183      0.933      0.583
  28     0       28.0      0.000     0.0180      0.933      0.601
  29     0       29.0      0.000     0.0176      0.933      0.618
  30     0       30.0      0.000     0.0172      0.933      0.635
  31     0       31.0      0.000     0.0168      0.933      0.652
  32     0       32.0      0.000     0.0164      0.933      0.668
  33     0       33.0      0.000     0.0160      0.933      0.684
  34     0       34.0      0.000     0.0156      0.933      0.700
  35     0       35.0      0.000     0.0152      0.933      0.715
  36     0       36.0      0.000     0.0148      0.933      0.730
  37     0       37.0      0.000     0.0144      0.933      0.744
  38     0       38.0      0.000     0.0140      0.933      0.758
  39     0       39.0      0.000     0.0136      0.933      0.772
  40     0       40.0      0.000     0.0132      0.933      0.785
  41     1       41.0     0.0222     0.0128      0.956      0.798
  42     0       42.0      0.000     0.0124      0.956      0.810
  43     0       43.0      0.000     0.0120      0.956      0.822
  44     0       44.0      0.000     0.0116      0.956      0.834
  45     0       45.0      0.000     0.0112      0.956      0.845
  46     0       46.0      0.000     0.0109      0.956      0.856
  47     0       47.0      0.000     0.0105      0.956      0.867
  48     0       48.0      0.000     0.0101      0.956      0.877
  49     1       49.0     0.0222    0.00967      0.978      0.886
  50     0       50.0      0.000    0.00927      0.978      0.896
  51     0       51.0      0.000    0.00888      0.978      0.905
  52     0       52.0      0.000    0.00848      0.978      0.913
  53     0       53.0      0.000    0.00809      0.978      0.921
  54     0       54.0      0.000    0.00769      0.978      0.929
  55     0       55.0      0.000    0.00730      0.978      0.936
  56     0       56.0      0.000    0.00690      0.978      0.943
  57     0       57.0      0.000    0.00651      0.978      0.949
  58     0       58.0      0.000    0.00612      0.978      0.956
  59     0       59.0      0.000    0.00572      0.978      0.961
  60     0       60.0      0.000    0.00533      0.978      0.967
  61     0       61.0      0.000    0.00493      0.978      0.972
  62     0       62.0      0.000    0.00454      0.978      0.976
  63     0       63.0      0.000    0.00414      0.978      0.980
  64     0       64.0      0.000    0.00375      0.978      0.984
  65     0       65.0      0.000    0.00335      0.978      0.987
  66     0       66.0      0.000    0.00296      0.978      0.990
  67     0       67.0      0.000    0.00256      0.978      0.993
  68     0       68.0      0.000    0.00217      0.978      0.995
  69     0       69.0      0.000    0.00178      0.978      0.997
  70     0       70.0      0.000    0.00138      0.978      0.998
  71     0       71.0      0.000   0.000986      0.978      0.999
  72     0       72.0      0.000   0.000592      0.978       1.00
  73     1       73.0     0.0222   0.000197       1.00       1.00
