
	Distribution Summary

Distribution:	Beta         
Expression:	-0.5 + 51 * BETA(0.527, 1.4)
Square Error:	0.035656

Chi Square Test
  Number of intervals	= 6
  Degrees of freedom 	= 3
  Test Statistic     	= 11.2
  Corresponding p-value	= 0.0114

	Data Summary

Number of Data Points	= 38
Min Data Value       	= 0
Max Data Value       	= 50
Sample Mean          	= 10.3
Sample Std Dev       	= 12

	Histogram Summary

Histogram Range    	= -0.5 to 50.5
Number of Intervals	= 51


==================================================================
Int.   No. of               Probability           Cumulative      
No.    Data Pts.   x        Density               Distribution    
------------------------------------------------------------------
                            Data   Function       Data   Function   
   0     6      0.000      0.158      0.150      0.158      0.150
   1     1       1.00     0.0263     0.0670      0.184      0.217
   2     5       2.00      0.132     0.0517      0.316      0.269
   3     1       3.00     0.0263     0.0437      0.342      0.313
   4     1       4.00     0.0263     0.0384      0.368      0.351
   5     3       5.00     0.0789     0.0346      0.447      0.386
   6     0       6.00      0.000     0.0317      0.447      0.417
   7     1       7.00     0.0263     0.0293      0.474      0.447
   8     2       8.00     0.0526     0.0274      0.526      0.474
   9     2       9.00     0.0526     0.0257      0.579      0.500
  10     5       10.0      0.132     0.0243      0.711      0.524
  11     0       11.0      0.000     0.0230      0.711      0.547
  12     0       12.0      0.000     0.0219      0.711      0.569
  13     2       13.0     0.0526     0.0209      0.763      0.590
  14     2       14.0     0.0526     0.0200      0.816      0.610
  15     1       15.0     0.0263     0.0192      0.842      0.629
  16     0       16.0      0.000     0.0184      0.842      0.647
  17     0       17.0      0.000     0.0177      0.842      0.665
  18     0       18.0      0.000     0.0170      0.842      0.682
  19     0       19.0      0.000     0.0164      0.842      0.699
  20     0       20.0      0.000     0.0158      0.842      0.714
  21     2       21.0     0.0526     0.0152      0.895      0.730
  22     0       22.0      0.000     0.0147      0.895      0.744
  23     0       23.0      0.000     0.0142      0.895      0.758
  24     0       24.0      0.000     0.0137      0.895      0.772
  25     1       25.0     0.0263     0.0132      0.921      0.785
  26     0       26.0      0.000     0.0128      0.921      0.798
  27     0       27.0      0.000     0.0124      0.921      0.811
  28     0       28.0      0.000     0.0119      0.921      0.822
  29     0       29.0      0.000     0.0115      0.921      0.834
  30     1       30.0     0.0263     0.0111      0.947      0.845
  31     0       31.0      0.000     0.0108      0.947      0.856
  32     0       32.0      0.000     0.0104      0.947      0.866
  33     0       33.0      0.000     0.0100      0.947      0.876
  34     0       34.0      0.000    0.00963      0.947      0.886
  35     0       35.0      0.000    0.00926      0.947      0.895
  36     0       36.0      0.000    0.00890      0.947      0.904
  37     0       37.0      0.000    0.00854      0.947      0.913
  38     0       38.0      0.000    0.00817      0.947      0.921
  39     0       39.0      0.000    0.00781      0.947      0.929
  40     0       40.0      0.000    0.00744      0.947      0.936
  41     0       41.0      0.000    0.00706      0.947      0.943
  42     0       42.0      0.000    0.00668      0.947      0.950
  43     0       43.0      0.000    0.00628      0.947      0.956
  44     0       44.0      0.000    0.00586      0.947      0.962
  45     0       45.0      0.000    0.00542      0.947      0.967
  46     0       46.0      0.000    0.00495      0.947      0.972
  47     0       47.0      0.000    0.00442      0.947      0.977
  48     0       48.0      0.000    0.00382      0.947      0.981
  49     0       49.0      0.000    0.00307      0.947      0.984
  50     2       50.0     0.0526    0.00185       1.00      0.985


=================================================================


Data File: C:\Users\v\Documents\Delta times\releaseinterarrivaltimes_desk91.txt


Function       Sq Error
-----------------------
Beta           0.0357
Weibull        0.0358
Gamma          0.0359
Erlang         0.0377
Exponential    0.0377
Lognormal      0.0437
Triangular     0.0539
Normal         0.0557
Uniform        0.0676
Poisson        0.0912

	Distribution Summary

Distribution:	Exponential  
Expression:	-0.5 + EXPO(10.8)
Square Error:	0.037654

Chi Square Test
  Number of intervals	= 6
  Degrees of freedom 	= 4
  Test Statistic     	= 4.96
  Corresponding p-value	= 0.302

	Data Summary

Number of Data Points	= 38
Min Data Value       	= 0
Max Data Value       	= 50
Sample Mean          	= 10.3
Sample Std Dev       	= 12

	Histogram Summary

Histogram Range    	= -0.5 to 50.5
Number of Intervals	= 51


==================================================================
Int.   No. of               Probability           Cumulative      
No.    Data Pts.   x        Density               Distribution    
------------------------------------------------------------------
                            Data   Function       Data   Function   
   0     6      0.000      0.158     0.0887      0.158     0.0887
   1     1       1.00     0.0263     0.0809      0.184      0.170
   2     5       2.00      0.132     0.0737      0.316      0.243
   3     1       3.00     0.0263     0.0671      0.342      0.310
   4     1       4.00     0.0263     0.0612      0.368      0.372
   5     3       5.00     0.0789     0.0558      0.447      0.427
   6     0       6.00      0.000     0.0508      0.447      0.478
   7     1       7.00     0.0263     0.0463      0.474      0.524
   8     2       8.00     0.0526     0.0422      0.526      0.567
   9     2       9.00     0.0526     0.0384      0.579      0.605
  10     5       10.0      0.132     0.0350      0.711      0.640
  11     0       11.0      0.000     0.0319      0.711      0.672
  12     0       12.0      0.000     0.0291      0.711      0.701
  13     2       13.0     0.0526     0.0265      0.763      0.728
  14     2       14.0     0.0526     0.0242      0.816      0.752
  15     1       15.0     0.0263     0.0220      0.842      0.774
  16     0       16.0      0.000     0.0201      0.842      0.794
  17     0       17.0      0.000     0.0183      0.842      0.812
  18     0       18.0      0.000     0.0167      0.842      0.829
  19     0       19.0      0.000     0.0152      0.842      0.844
  20     0       20.0      0.000     0.0138      0.842      0.858
  21     2       21.0     0.0526     0.0126      0.895      0.870
  22     0       22.0      0.000     0.0115      0.895      0.882
  23     0       23.0      0.000     0.0105      0.895      0.892
  24     0       24.0      0.000    0.00954      0.895      0.902
  25     1       25.0     0.0263    0.00870      0.921      0.911
  26     0       26.0      0.000    0.00792      0.921      0.919
  27     0       27.0      0.000    0.00722      0.921      0.926
  28     0       28.0      0.000    0.00658      0.921      0.932
  29     0       29.0      0.000    0.00600      0.921      0.938
  30     1       30.0     0.0263    0.00546      0.947      0.944
  31     0       31.0      0.000    0.00498      0.947      0.949
  32     0       32.0      0.000    0.00454      0.947      0.953
  33     0       33.0      0.000    0.00414      0.947      0.958
  34     0       34.0      0.000    0.00377      0.947      0.961
  35     0       35.0      0.000    0.00343      0.947      0.965
  36     0       36.0      0.000    0.00313      0.947      0.968
  37     0       37.0      0.000    0.00285      0.947      0.971
  38     0       38.0      0.000    0.00260      0.947      0.973
  39     0       39.0      0.000    0.00237      0.947      0.976
  40     0       40.0      0.000    0.00216      0.947      0.978
  41     0       41.0      0.000    0.00197      0.947      0.980
  42     0       42.0      0.000    0.00179      0.947      0.982
  43     0       43.0      0.000    0.00163      0.947      0.983
  44     0       44.0      0.000    0.00149      0.947      0.985
  45     0       45.0      0.000    0.00136      0.947      0.986
  46     0       46.0      0.000    0.00124      0.947      0.987
  47     0       47.0      0.000    0.00113      0.947      0.988
  48     0       48.0      0.000    0.00103      0.947      0.989
  49     0       49.0      0.000   0.000935      0.947      0.990
  50     2       50.0     0.0526   0.000852       1.00      0.991
